0 10 20 20 20 30 30 30 30 30 40 40 40 40
40 40 40 40 50 50 50 50 50 40 40 40 40 40 
40 30 30 30 30 30 40 40 40 40 40 40 40 
40 50 50 50 50 50 50 50 10 0 10 20 20 20 
30 30 30 30 30 40 40 40 40 40 40 40 40 50 50 
50 50 40 40 40 40 40 40 30 30 30 30 30 30 30 40 
40 40 40 40 40 40 40 50 50 50 50 50 50
20 10 0 10 20 20 30 30 30 30 30 40 40 40 
40 40 40 40 40 50 50 50 40 40 40 40 40 40 30 30
30 30 30 30 30 30 30 40 40 40 40 40 40 40 40
50 50 50 50 50
20 20 10 0 10 20 20 30 30 30 
30 30 40 40 40 40 40 40 40 40 40 40 40 40 40 40 40 30 
30 30 30 30 30 30 30 30 30 30 40 40 40 40 
40 40 40 40 50 50 50 50 20 20 20 10 0 10 20 30 30 30 30 30 30 
40 40 40 40 40 40 40 40 40 40 40 40 40 40 30 30 30 30 
30 30 30 30 30 30 30 30 40 40 40 40 40 40 40 50 50 50 50
30 20 20 20 10 0 10 20 30 30 30 30 30 30 30 40 40 40 
40 40 40 40 40 40 40 40 30 30 30 30 30 30 20 30 30 
30 30 30 30 30 40 40 40 40 40 40 40 50 50 50
30 30 30 20 20 10 0 20 20 20 30 30 30 30 30 30 
40 40 40 40 40 40 40 40 40 30 30 30 30 30 20 20 
20 20 20 30 30 30 30 30 30 30 40 40 40 40 40 40 50 50
30 30 30 30 30 20 20 0 10 20 20 20 30 30 30 30 
30 30 40 40 40 40 40 30 30 30 30 30 20 20 20 10 
10 10 20 20 20 30 30 30 30 30 30 30 40 40 40 40 40 40
30 30 30 30 30 30 20 10 0 10 10 20 20 30 30 30 
30 30 30 40 40 40 40 40 30 30 30 30 30 20 20 20 10 
20 20 20 30 30 30 30 30 30 40 40 40 40 40 40 40 50
30 30 30 30 30 30 20 20 10 0 10 20 20 20 30 30 30 
30 30 30 40 40 40 40 30 30 30 30 30 30 20 20 20 20 
20 30 30 30 30 30 30 30 40 40 40 40 40 40 50 50
40 30 30 30 30 30 30 20 10 10 0 10 20 20 20 30 30 30 30 30 
30 40 40 40 40 30 30 30 30 30 30 20 20 20 30 30 30 
30 30 30 30 40 40 40 40 40 40 40 50 50
40 40 40 30 30 30 30 20 20 20 10 0 10 20 20 
20 30 30 30 30 30 40 40 30 30 30 30 30 30 30 30 
30 20 30 30 30 30 30 30 30 40 40 40 40 40 40 40 50 50 50
40 40 40 40 30 30 30 30 20 20 20 10 0 10 10 20 20 30 
30 30 30 40 40 30 30 30 30 30 30 30 30 30 30 30 30 30 
30 30 40 40 40 40 40 40 40 40 50 50 50 50
40 40 40 40 40 30 30 30 30 20 20 20 10 0 10 20 20 20 
30 30 30 40 30 30 30 30 30 30 30 30 30 30 30 30 30 
30 30 40 40 40 40 40 40 40 40 50 50 50 50 50
40 40 40 40 40 30 30 30 30 30 20 20 10 10 0 10 
20 20 20 30 30 30 30 30 30 30 20 30 30 30 30 30 30 
30 30 30 40 40 40 40 40 40 40 40 40 50 50 50 50 50
40 40 40 40 40 40 30 30 30 30 30 20 20 20 10 0 10 20 
20 20 30 30 30 30 30 20 20 20 30 30 30 30 30 30 30 40 
40 40 40 40 40 40 40 40 50 50 50 50 50 50
40 40 40 40 40 40 40 30 30 30 30 30 20 20 20 10 0 
10 10 20 20 30 30 30 30 30 20 30 30 30 30 30 30 30 
40 40 40 40 40 40 40 40 50 50 50 50 50 50 50 50
40 40 40 40 40 40 40 30 30 30 30 30 30 20 20 20 
10 0 10 20 20 40 30 30 30 30 30 30 30 30 30 30 30 
40 40 40 40 40 40 40 40 50 50 50 50 50 50 50 50 50
50 40 40 40 40 40 40 40 30 30 30 30 30 30 20 20 10 
10 0 10 20 40 40 30 30 30 30 30 30 30 30 40 40 40 
40 40 40 40 40 40 40 50 50 50 50 50 50 50 50 60
50 50 50 40 40 40 40 40 40 30 30 30 30 30 30 20 20 
20 10 0 10 40 40 30 30 30 30 30 30 30 40 40 40 40 
40 40 40 40 40 40 50 50 50 50 50 50 50 50 60 60
50 50 50 40 40 40 40 40 40 40 30 30 30 30 30 30 20 
20 20 10 0 40 40 40 30 30 30 30 30 40 40 40 40 40 40 
40 40 40 50 50 50 50 50 50 50 50 50 50 60 60
50 50 50 40 40 40 40 40 40 40 40 40 40 40 30 30 30 40 
40 40 40 0 10 20 20 30 30 30 30 30 30 40 40 40 40 40 40 
40 40 40 50 50 50 50 50 50 50 50 60 60
50 50 40 40 40 40 40 40 40 40 40 40 40 30 30 30 30 30 40 
40 40 10 0 10 20 20 30 30 30 30 30 30 40 40 40 40 40 40 40 
40 50 50 50 50 50 50 50 50 50 60
40 40 40 40 40 40 40 30 40 40 40 30 30 30 30 30 30 30 30 
30 40 20 10 0 10 20 20 30 30 30 30 30 30 40 40 40 40 40 
40 40 40 40 50 50 50 50 50 50 50 50
40 40 40 40 40 40 40 30 30 30 40 30 30 30 30 30 30 30 30 
30 30 20 20 10 0 10 20 20 30 30 30 30 30 30 40 40 40 40 40 
40 40 40 40 50 50 50 50 50 50 50
40 40 40 40 40 40 30 30 30 30 30 30 30 30 30 20 30 30 30 
30 30 30 20 20 10 0 10 20 20 30 30 30 30 30 30 30 40 40 40 
40 40 40 40 40 50 50 50 50 50 50
40 40 40 40 40 30 30 30 30 30 30 30 30 30 20 20 20 30 30 30 
30 30 30 20 20 10 0 10 20 20 20 30 30 30 30 30 30 40 40 40 40 
40 40 40 40 50 50 50 50 50
40 40 40 30 30 30 30 30 30 30 30 30 30 30 30 20 30 30 30 30 30 
30 30 30 20 20 10 0 10 20 20 20 30 30 30 30 30 30 30 40 40 40 
40 40 40 40 50 50 50 50
40 40 30 30 30 30 30 20 30 30 30 30 30 30 30 30 30 30 30 
30 30 30 30 30 30 20 20 10 0 10 20 20 20 30 30 30 30 
30 30 30 40 40 40 40 40 40 40 50 50 50
40 30 30 30 30 30 30 20 20 30 30 30 30 30 30 30 30 
30 30 30 40 30 30 30 30 30 20 20 10 0 10 20 20 20 30 30 30 30 30 30 30 40 40 40 40 40 40 40 50 50
30 30 30 30 30 30 20 20 20 20 30 30 30 30 30 30 
30 30 30 40 40 30 30 30 30 30 20 20 10 10 0 10 
20 20 20 30 30 30 30 30 30 30 40 40 40 40 40 40 50 50
30 30 30 30 30 30 20 10 20 20 20 30 30 30 30 30 30 30 
40 40 40 40 30 30 30 30 30 20 10 10 10 0 10 20 20 20 
30 30 30 30 30 30 30 40 40 40 40 40 40 50
30 30 30 30 30 20 20 10 10 20 20 20 30 30 30 30 30 30 
40 40 40 40 40 30 30 30 30 30 10 10 20 10 0 10 20 20 
20 30 30 30 30 30 30 30 40 40 40 40 40 40
30 30 30 30 30 30 20 10 20 20 20 30 30 30 30 30 30 
40 40 40 40 40 40 40 30 30 30 30 10 10 20 20 10 0 
10 10 20 20 30 30 30 30 30 30 30 40 40 40 40 40
30 30 30 30 30 30 20 20 20 20 30 30 30 30 30 30 40 
40 40 40 40 40 40 40 40 30 30 30 10 10 20 20 20 10 0 
10 10 20 20 20 30 30 30 30 30 30 40 40 40 40
40 30 30 30 30 30 30 20 20 30 30 30 30 30 30 40 40 40 
40 40 40 40 40 40 40 30 30 30 10 10 30 20 20 10 10 0 10 20 
20 20 30 30 30 30 30 30 40 40 40 40
40 40 30 30 30 30 30 20 30 30 30 30 30 30 40 40 40 40 40 
40 40 40 40 40 40 40 30 30 10 10 30 30 20 20 10 10 0 10 
20 20 20 30 30 30 30 30 30 40 40 40
40 40 40 30 30 30 30 30 30 30 30 30 30 40 40 40 40 40 
40 40 40 40 40 40 40 40 40 30 10 10 30 30 30 20 20 20 
10 0 10 10 20 20 30 30 30 30 30 30 40 40
40 40 40 40 30 30 30 30 30 30 30 30 40 40 40 40 40 40 
40 40 50 40 40 40 40 40 40 30 10 10 30 30 30 30 20 20 
20 10 0 10 10 20 20 30 30 30 30 30 40 40
40 40 40 40 40 30 30 30 30 30 30 30 40 40 40 40 40 40 
40 40 50 40 40 40 40 40 40 40 10 10 30 30 30 30 20 20 
20 10 10 0 10 20 20 20 30 30 30 30 40 40
40 40 40 40 40 40 30 30 30 30 30 40 40 40 40 40 40 40 
40 50 50 50 50 40 40 40 40 40 10 10 30 30 30 30 30 30 
20 20 10 10 0 10 20 20 20 30 30 30 30 40
40 40 40 40 40 40 30 30 30 30 40 40 40 40 40 40 40 50 
50 50 50 50 50 40 40 40 40 40 10 10 30 30 30 30 30 30 
30 20 20 20 10 0 10 20 20 20 30 30 30 30
40 40 40 40 40 40 40 30 40 40 40 40 40 40 40 40 50 50 
50 50 50 50 50 50 40 40 40 40 10 10 40 30 30 30 30 30 
30 30 20 20 20 10 0 10 10 20 30 30 30 30
50 40 40 40 40 40 40 30 40 40 40 40 40 40 40 40 50 50 
50 50 50 50 50 50 50 40 40 40 10 10 40 40 30 30 30 30 
30 30 30 20 20 20 10 0 10 20 20 30 30 30
50 50 40 40 40 40 40 40 40 40 40 40 40 40 40 50 50 50 
50 50 50 50 50 50 50 50 40 40 10 10 40 40 40 30 30 30 
30 30 30 30 20 20 10 10 0 10 20 20 30 30
50 50 50 40 40 40 40 40 40 40 40 40 40 50 50 50 50 50 
50 50 50 50 50 50 50 50 50 40 10 10 40 40 40 40 30 30 
30 30 30 30 30 20 20 20 10 0 10 20 20 30
50 50 50 50 50 40 40 40 40 40 40 40 50 50 50 50 50 50 
50 50 50 50 50 50 50 50 50 50 10 10 40 40 40 40 40 40 
30 30 30 30 30 30 30 20 20 10 0 10 20 20
50 50 50 50 50 50 40 40 40 40 40 50 50 50 50 50 50 50 
50 50 50 50 50 50 50 50 50 50 10 10 40 40 40 40 40 40 
40 30 30 30 30 30 30 30 20 20 10 0 10 20
50 50 50 50 50 50 50 40 40 50 50 50 50 50 50 50 50 50 
50 60 60 60 50 50 50 50 50 50 10 10 50 40 40 40 40 40 
40 40 40 40 30 30 30 30 30 20 20 10 0 10
50 50 50 50 50 50 50 40 50 50 50 50 50 50 50 50 50 50 
60 60 60 60 60 50 50 50 50 50 10 10 50 50 40 40 40 40 
40 40 40 40 40 30 30 30 30 30 20 20 10 0